7 309 193 32
51 309 406
373 309 193 32
93 309 64 406
7 71 218 32
51 71 394
373 71 218 32
71 394
119 337 395
119 337 395
119 337
337 9 93 11 418 193 7 32
7 339 49 218 32
51 339 49 412
379 91 389 7 32
58 462 545 423
379 478 7 32
151 57 421 21 497
498 16 7 64 193 32
23 51 405 109 19 534
7 64 496 261 468 32
51 21 357
515 66 58 556 32
112 7 503
91 160 23 34 15
7 11 34 46 67 40 6 60 5 13 6 34 5 27 102 112 20 4
67 34 15
7 11 34 46 67 40 6 60 5 13 6 34 5 27 102 112 20 4
91 160 23 466 456 16 15
7 11 34 46 67 40 6 60 5 13 6 34 5 27 102 112 20 4
120 34 15
7 11 34 46 67 40 6 60 5 13 6 34 5 27 102 112 20 4
34 15 158 32
7 11 34 46 67 40 6 60 5 13 6 34 5 27 102 112 20 4
143 17 8 19 14 18 46 15
7 11 143 17 8 19 14 18 10 14 18 29 17 8 19 12 86 317 99 21 88 175 130 133 4 7 11 14 18 29 8 46 67 20 181 6 19 12 5 9 47 143 237 46 67 43 22 45 79 87 45 89 4 7 50 14 18 29 8 26 54 21 24 296 206 314 38 57 114 55 9 103 50 327 24 39 8 42 86 292 83 180 19 91 62 17 54 8 63 283 4
230 451 97 8 19 14 18 46 15
7 11 143 17 8 19 14 18 10 14 18 29 17 8 19 12 86 317 99 21 88 175 130 133 4 7 11 14 18 29 8 46 67 20 181 6 19 12 5 9 47 143 237 46 67 43 22 45 79 87 45 89 4 7 50 14 18 29 8 26 54 21 24 296 206 314 38 57 114 55 9 103 50 327 24 39 8 42 86 292 83 180 19 91 62 17 54 8 63 283 4
120 143 17 8 19 14 18 46 307
7 11 143 17 8 19 14 18 10 14 18 29 17 8 19 12 86 317 99 21 88 175 130 133 4 7 11 14 18 29 8 46 67 20 181 6 19 12 5 9 47 143 237 46 67 43 22 45 79 87 45 89 4 7 50 14 18 29 8 26 54 21 24 296 206 314 38 57 114 55 9 103 50 327 24 39 8 42 86 292 83 180 19 91 62 17 54 8 63 283 4
67 14 18 29 17 8 27 94 59
7 11 143 17 8 19 14 18 10 14 18 29 17 8 19 12 86 317 99 21 88 175 130 133 4 7 11 14 18 29 8 46 67 20 181 6 19 12 5 9 47 143 237 46 67 43 22 45 79 87 45 89 4 7 50 14 18 29 8 26 54 21 24 296 206 314 38 57 114 55 9 103 50 327 24 39 8 42 86 292 83 180 19 91 62 17 54 8 63 283 4
120 14 18 29 17 8 19 14 46 15
7 11 143 17 8 19 14 18 10 14 18 29 17 8 19 12 86 317 99 21 88 175 130 133 4 7 11 14 18 29 8 46 67 20 181 6 19 12 5 9 47 143 237 46 67 43 22 45 79 87 45 89 4 7 50 14 18 29 8 26 54 21 24 296 206 314 38 57 114 55 9 103 50 327 24 39 8 42 86 292 83 180 19 91 62 17 54 8 63 283 4
91 160 23 92 8 19 14
7 11 92 17 8 19 14 18 16 51 4 238 17 8 41 153 23 92 24 331 27 138 82 168 70 15 4 20 45 79 87 45 89 9 35 52 43 22 6 19 12 5 10 6 271 4 284 5 39 81 98 12 23 155 17 8 41 153 23 92 4
93 11 92 97 8 19 14 21 32
7 11 92 17 8 19 14 18 16 51 4 238 17 8 41 153 23 92 24 331 27 138 82 168 70 15 4 20 45 79 87 45 89 9 35 52 43 22 6 19 12 5 10 6 271 4 284 5 39 81 98 12 23 155 17 8 41 153 23 92 4
67 92 97 8 19 14 18
7 11 92 17 8 19 14 18 16 51 4 238 17 8 41 153 23 92 24 331 27 138 82 168 70 15 4 20 45 79 87 45 89 9 35 52 43 22 6 19 12 5 10 6 271 4 284 5 39 81 98 12 23 155 17 8 41 153 23 92 4
120 92 17 8 19 14 18
7 11 92 17 8 19 14 18 16 51 4 238 17 8 41 153 23 92 24 331 27 138 82 168 70 15 4 20 45 79 87 45 89 9 35 52 43 22 6 19 12 5 10 6 271 4 284 5 39 81 98 12 23 155 17 8 41 153 23 92 4
97 8 333 92 24 105 71 218 32
7 11 92 17 8 19 14 18 16 51 4 238 17 8 41 153 23 92 24 331 27 138 82 168 70 15 4 20 45 79 87 45 89 9 35 52 43 22 6 19 12 5 10 6 271 4 284 5 39 81 98 12 23 155 17 8 41 153 23 92 4
93 11 34 15 46 58 150 132 180 21 32
7 11 40 54 202 46 151 150 152 61 146 4 170 9 304 315 82 28 12 76 9 199 14 18 9 25 31 9 10 141 320 311 291 9 110 4 110 4 4 70 16 182 150 152 61 146 265 47 21 24 308 22 58 30 4 157 20 6 34 5 26 7 69 133 30 152 61 146 173 4
120 34 15 46 150 132 180
7 11 40 54 202 46 151 150 152 61 146 4 170 9 304 315 82 28 12 76 9 199 14 18 9 25 31 9 10 141 320 311 291 9 110 4 110 4 4 70 16 182 150 152 61 146 265 47 21 24 308 22 58 30 4 157 20 6 34 5 26 7 69 133 30 152 61 146 173 4
91 160 40 150 132 180 23 34 15 32
7 11 40 54 202 46 151 150 152 61 146 4 170 9 304 315 82 28 12 76 9 199 14 18 9 25 31 9 10 141 320 311 291 9 110 4 110 4 4 70 16 182 150 152 61 146 265 47 21 24 308 22 58 30 4 157 20 6 34 5 26 7 69 133 30 152 61 146 173 4
93 11 96 151 132 23 34 15 21 32
7 11 40 54 202 46 151 150 152 61 146 4 170 9 304 315 82 28 12 76 9 199 14 18 9 25 31 9 10 141 320 311 291 9 110 4 110 4 4 70 16 182 150 152 61 146 265 47 21 24 308 22 58 30 4 157 20 6 34 5 26 7 69 133 30 152 61 146 173 4
120 34 15 151 132
7 11 40 54 202 46 151 150 152 61 146 4 170 9 304 315 82 28 12 76 9 199 14 18 9 25 31 9 10 141 320 311 291 9 110 4 110 4 4 70 16 182 150 152 61 146 265 47 21 24 308 22 58 30 4 157 20 6 34 5 26 7 69 133 30 152 61 146 173 4
97 399 333 91 36 8 156 14 63 257 334
26 63 204 10 50 14 18 24 9 123 109 73 42 65 233 10 125 29 4 7 11 214 88 242 39 139 14 18 17 8 36 65 73 21 254 266 215 159 54 162 234 236 14 18 244 4 26 179 131 65 16 51 64 260 9 7 11 14 18 29 17 8 19 12 136 142 99 21 88 175 133 86 267 130 83 4
8 156 14 63 204 334
26 63 204 10 50 14 18 24 9 123 109 73 42 65 233 10 125 29 4 7 11 214 88 242 39 139 14 18 17 8 36 65 73 21 254 266 215 159 54 162 234 236 14 18 244 4 26 179 131 65 16 51 64 260 9 7 11 14 18 29 17 8 19 12 136 142 99 21 88 175 133 86 267 130 83 4
288 36 8 156 14 63 204 334
26 63 204 10 50 14 18 24 9 123 109 73 42 65 233 10 125 29 4 7 11 214 88 242 39 139 14 18 17 8 36 65 73 21 254 266 215 159 54 162 234 236 14 18 244 4 26 179 131 65 16 51 64 260 9 7 11 14 18 29 17 8 19 12 136 142 99 21 88 175 133 86 267 130 83 4
103 36 8 156 14 63 204 65
26 63 204 10 50 14 18 24 9 123 109 73 42 65 233 10 125 29 4 7 11 214 88 242 39 139 14 18 17 8 36 65 73 21 254 266 215 159 54 162 234 236 14 18 244 4 26 179 131 65 16 51 64 260 9 7 11 14 18 29 17 8 19 12 136 142 99 21 88 175 133 86 267 130 83 4
156 14 8 449 471
26 63 204 10 50 14 18 24 9 123 109 73 42 65 233 10 125 29 4 7 11 214 88 242 39 139 14 18 17 8 36 65 73 21 254 266 215 159 54 162 234 236 14 18 244 4 26 179 131 65 16 51 64 260 9 7 11 14 18 29 17 8 19 12 136 142 99 21 88 175 133 86 267 130 83 4
11 55 28 165 10 506 521 27 15 21 32
7 115 11 55 28 33 16 51 4 7 11 55 28 33 27 81 16 93 13 55 102 33 35 36 60 4
11 55 28 95 526 436 27 15 21 32
7 115 11 55 28 33 16 51 4 7 11 55 28 33 27 81 16 93 13 55 102 33 35 36 60 4
67 55 28 33 39 15
7 115 11 55 28 33 16 51 4 7 11 55 28 33 27 81 16 93 13 55 102 33 35 36 60 4
120 55 28 33 39 15
7 115 11 55 28 33 16 51 4 7 11 55 28 33 27 81 16 93 13 55 102 33 35 36 60 4
55 28 165 15 158 32
7 115 11 55 28 33 16 51 4 7 11 55 28 33 27 81 16 93 13 55 102 33 35 36 60 4
50 65 15 36 156 65 409
39 210 80 166 9 57 96 11 88 60 22 128 159 80 134 4 123 109 221 73 80 10 125 29 4
73 21 41 153 36 156 65 409
39 210 80 166 9 57 96 11 88 60 22 128 159 80 134 4 123 109 221 73 80 10 125 29 4
73 21 41 153 15
39 210 80 166 9 57 96 11 88 60 22 128 159 80 134 4 123 109 221 73 80 10 125 29 4
50 65 476 41 73
39 210 80 166 9 57 96 11 88 60 22 128 159 80 134 4 123 109 221 73 80 10 125 29 4
103 73 21 41 153 15
39 210 80 166 9 57 96 11 88 60 22 128 159 80 134 4 123 109 221 73 80 10 125 29 4
15 64 193 32
7 11 85 28 90 17 8 19 34 140 15 4 17 8 19 34 39 15 11 24 14 18 10 37 300 142 4 26 64 57 96 9 138 15 216 7 85 118 10 12 8 136 142 9 136 230 4 7 11 208 40 259 17 8 173 16 51 4
529 90 15
7 11 85 28 90 17 8 19 34 140 15 4 17 8 19 34 39 15 11 24 14 18 10 37 300 142 4 26 64 57 96 9 138 15 216 7 85 118 10 12 8 136 142 9 136 230 4 7 11 208 40 259 17 8 173 16 51 4
120 40 15
7 11 85 28 90 17 8 19 34 140 15 4 17 8 19 34 39 15 11 24 14 18 10 37 300 142 4 26 64 57 96 9 138 15 216 7 85 118 10 12 8 136 142 9 136 230 4 7 11 208 40 259 17 8 173 16 51 4
15 23 288 32
7 11 85 28 90 17 8 19 34 140 15 4 17 8 19 34 39 15 11 24 14 18 10 37 300 142 4 26 64 57 96 9 138 15 216 7 85 118 10 12 8 136 142 9 136 230 4 7 11 208 40 259 17 8 173 16 51 4
14 8 49 15
7 11 85 28 90 17 8 19 34 140 15 4 17 8 19 34 39 15 11 24 14 18 10 37 300 142 4 26 64 57 96 9 138 15 216 7 85 118 10 12 8 136 142 9 136 230 4 7 11 208 40 259 17 8 173 16 51 4
120 34 28 33 39 15
23 34 42 55 28 33 16 7 48 35 36 60 9 20 45 79 87 16 45 89 9 163 43 22 6 127 56 5 10 6 33 5 4 119 101 131 15 47 184 58 220 256 239 23 179 28 33 16 7 36 262 33 4 170 9 27 250 7 47 21 63 253 130 4
34 33 39 15 158 32
23 34 42 55 28 33 16 7 48 35 36 60 9 20 45 79 87 16 45 89 9 163 43 22 6 127 56 5 10 6 33 5 4 119 101 131 15 47 184 58 220 256 239 23 179 28 33 16 7 36 262 33 4 170 9 27 250 7 47 21 63 253 130 4
55 28 33 39 15 158 32
23 34 42 55 28 33 16 7 48 35 36 60 9 20 45 79 87 16 45 89 9 163 43 22 6 127 56 5 10 6 33 5 4 119 101 131 15 47 184 58 220 256 239 23 179 28 33 16 7 36 262 33 4 170 9 27 250 7 47 21 63 253 130 4
120 55 127 56 15
23 34 42 55 28 33 16 7 48 35 36 60 9 20 45 79 87 16 45 89 9 163 43 22 6 127 56 5 10 6 33 5 4 119 101 131 15 47 184 58 220 256 239 23 179 28 33 16 7 36 262 33 4 170 9 27 250 7 47 21 63 253 130 4
92 127 56 39 15
23 34 42 55 28 33 16 7 48 35 36 60 9 20 45 79 87 16 45 89 9 163 43 22 6 127 56 5 10 6 33 5 4 119 101 131 15 47 184 58 220 256 239 23 179 28 33 16 7 36 262 33 4 170 9 27 250 7 47 21 63 253 130 4
11 129 34 30 59 21 32
145 111 77 279 68 272 53 198 53 144 147 188 68 148 44 117 154 53 77 59 187 53 200 328 44 298 195 128 82 326 48 126 126 286 4 59 4 275 126 70 4 147 189 111 186 194 44 192 128 148 44 117 154 53 77 59 319 44 306 148 44 117 154 53 77 187 53 200 145 111 77 329 44 117 189 68 186 194 44 192 102 113 270 44 299 113 4 325 277 68 145 111 77 316 303 273 44 301 293 68 144 287 68 297 113 198 53 144 147 188 68 113 4 119 101 131 295 98 82 28 12 76 9 199 14 18 9 25 12 76 10 141 278 9 110 4 110 322 70 62 30 162 47 63 122 26 7 122 30 16 51 10 50 196 4 7 47 50 14 18 29 294 8 261 25 12 76 83 99 7 156 40 38 30 35 36 122 30 52 4
129 34 30 59 158 32
145 111 77 279 68 272 53 198 53 144 147 188 68 148 44 117 154 53 77 59 187 53 200 328 44 298 195 128 82 326 48 126 126 286 4 59 4 275 126 70 4 147 189 111 186 194 44 192 128 148 44 117 154 53 77 59 319 44 306 148 44 117 154 53 77 187 53 200 145 111 77 329 44 117 189 68 186 194 44 192 102 113 270 44 299 113 4 325 277 68 145 111 77 316 303 273 44 301 293 68 144 287 68 297 113 198 53 144 147 188 68 113 4 119 101 131 295 98 82 28 12 76 9 199 14 18 9 25 12 76 10 141 278 9 110 4 110 322 70 62 30 162 47 63 122 26 7 122 30 16 51 10 50 196 4 7 47 50 14 18 29 294 8 261 25 12 76 83 99 7 156 40 38 30 35 36 122 30 52 4
120 129 34 30 59
145 111 77 279 68 272 53 198 53 144 147 188 68 148 44 117 154 53 77 59 187 53 200 328 44 298 195 128 82 326 48 126 126 286 4 59 4 275 126 70 4 147 189 111 186 194 44 192 128 148 44 117 154 53 77 59 319 44 306 148 44 117 154 53 77 187 53 200 145 111 77 329 44 117 189 68 186 194 44 192 102 113 270 44 299 113 4 325 277 68 145 111 77 316 303 273 44 301 293 68 144 287 68 297 113 198 53 144 147 188 68 113 4 119 101 131 295 98 82 28 12 76 9 199 14 18 9 25 12 76 10 141 278 9 110 4 110 322 70 62 30 162 47 63 122 26 7 122 30 16 51 10 50 196 4 7 47 50 14 18 29 294 8 261 25 12 76 83 99 7 156 40 38 30 35 36 122 30 52 4
93 69 129 34 30 59
145 111 77 279 68 272 53 198 53 144 147 188 68 148 44 117 154 53 77 59 187 53 200 328 44 298 195 128 82 326 48 126 126 286 4 59 4 275 126 70 4 147 189 111 186 194 44 192 128 148 44 117 154 53 77 59 319 44 306 148 44 117 154 53 77 187 53 200 145 111 77 329 44 117 189 68 186 194 44 192 102 113 270 44 299 113 4 325 277 68 145 111 77 316 303 273 44 301 293 68 144 287 68 297 113 198 53 144 147 188 68 113 4 119 101 131 295 98 82 28 12 76 9 199 14 18 9 25 12 76 10 141 278 9 110 4 110 322 70 62 30 162 47 63 122 26 7 122 30 16 51 10 50 196 4 7 47 50 14 18 29 294 8 261 25 12 76 83 99 7 156 40 38 30 35 36 122 30 52 4
91 160 23 129 34 30 59 32
145 111 77 279 68 272 53 198 53 144 147 188 68 148 44 117 154 53 77 59 187 53 200 328 44 298 195 128 82 326 48 126 126 286 4 59 4 275 126 70 4 147 189 111 186 194 44 192 128 148 44 117 154 53 77 59 319 44 306 148 44 117 154 53 77 187 53 200 145 111 77 329 44 117 189 68 186 194 44 192 102 113 270 44 299 113 4 325 277 68 145 111 77 316 303 273 44 301 293 68 144 287 68 297 113 198 53 144 147 188 68 113 4 119 101 131 295 98 82 28 12 76 9 199 14 18 9 25 12 76 10 141 278 9 110 4 110 322 70 62 30 162 47 63 122 26 7 122 30 16 51 10 50 196 4 7 47 50 14 18 29 294 8 261 25 12 76 83 99 7 156 40 38 30 35 36 122 30 52 4
404 23 357 8 41 359 38 321 16 51 32
15 115 209 97 8 219 38 94 16 7 4
67 109 8 41 219 38 321 21
15 115 209 97 8 219 38 94 16 7 4
109 8 41 219 38 321 21 158 32
15 115 209 97 8 219 38 94 16 7 4
8 27 15 41 219 38 321 21 32
15 115 209 97 8 219 38 94 16 7 4
120 109 8 41 359 38 321 21 27 15
15 115 209 97 8 219 38 94 16 7 4
120 12 8 27 15
7 11 12 8 46 168 16 51 4 123 60 134 10 20 8 7 69 12 4 56 82 33 70 48 20 6 12 5 13 20 6 33 5 13 6 167 12 5 13 185 191 14 18 71 102 149 13 8 19 37 4 56 6 137 94 5 48 20 6 12 5 13 20 6 137 94 5 13 6 167 12 5 13 185 191 14 18 13 8 19 37 4 101 48 137 94 115 172 71 17 310 166 10 274 22 57 114 4
12 8 27 15 158 32
7 11 12 8 46 168 16 51 4 123 60 134 10 20 8 7 69 12 4 56 82 33 70 48 20 6 12 5 13 20 6 33 5 13 6 167 12 5 13 185 191 14 18 71 102 149 13 8 19 37 4 56 6 137 94 5 48 20 6 12 5 13 20 6 137 94 5 13 6 167 12 5 13 185 191 14 18 13 8 19 37 4 101 48 137 94 115 172 71 17 310 166 10 274 22 57 114 4
91 522 23 12 8 27 15
7 11 12 8 46 168 16 51 4 123 60 134 10 20 8 7 69 12 4 56 82 33 70 48 20 6 12 5 13 20 6 33 5 13 6 167 12 5 13 185 191 14 18 71 102 149 13 8 19 37 4 56 6 137 94 5 48 20 6 12 5 13 20 6 137 94 5 13 6 167 12 5 13 185 191 14 18 13 8 19 37 4 101 48 137 94 115 172 71 17 310 166 10 274 22 57 114 4
97 499 12 8 27 15
7 11 12 8 46 168 16 51 4 123 60 134 10 20 8 7 69 12 4 56 82 33 70 48 20 6 12 5 13 20 6 33 5 13 6 167 12 5 13 185 191 14 18 71 102 149 13 8 19 37 4 56 6 137 94 5 48 20 6 12 5 13 20 6 137 94 5 13 6 167 12 5 13 185 191 14 18 13 8 19 37 4 101 48 137 94 115 172 71 17 310 166 10 274 22 57 114 4
67 56 8 46 137 546 461 15
7 11 12 8 46 168 16 51 4 123 60 134 10 20 8 7 69 12 4 56 82 33 70 48 20 6 12 5 13 20 6 33 5 13 6 167 12 5 13 185 191 14 18 71 102 149 13 8 19 37 4 56 6 137 94 5 48 20 6 12 5 13 20 6 137 94 5 13 6 167 12 5 13 185 191 14 18 13 8 19 37 4 101 48 137 94 115 172 71 17 310 166 10 274 22 57 114 4
120 34 95 107 108
268 13 60 13 20 45 79 87 16 45 89 9 163 43 22 6 127 56 5 13 43 22 6 25 31 10 95 107 108 5 13 43 22 6 34 5 13 231 246 95 107 108 42 25 12 76
34 95 107 108 15 158 32
268 13 60 13 20 45 79 87 16 45 89 9 163 43 22 6 127 56 5 13 43 22 6 25 31 10 95 107 108 5 13 43 22 6 34 5 13 231 246 95 107 108 42 25 12 76
67 34 25 31 15
268 13 60 13 20 45 79 87 16 45 89 9 163 43 22 6 127 56 5 13 43 22 6 25 31 10 95 107 108 5 13 43 22 6 34 5 13 231 246 95 107 108 42 25 12 76
91 160 34 25 31 15
268 13 60 13 20 45 79 87 16 45 89 9 163 43 22 6 127 56 5 13 43 22 6 25 31 10 95 107 108 5 13 43 22 6 34 5 13 231 246 95 107 108 42 25 12 76
231 95 107 108 15 158 32
268 13 60 13 20 45 79 87 16 45 89 9 163 43 22 6 127 56 5 13 43 22 6 25 31 10 95 107 108 5 13 43 22 6 34 5 13 231 246 95 107 108 42 25 12 76
91 160 23 24 78 66 26 8 19 12 63 103 32
17 8 19 12 224 21 24 78 66 42 129 4 245 41 58 103 223 9 8 52 47 24 240 9 14 18 29 42 24 241 58 25 31 41 171 255 252 12 4 43 22 6 164 225 5 61 6 124 38 174 5 61 20 54 64 15 23 121 251 26 7 41 58 247 90 139 78 29 66 4 7 50 135 78 66 62 8 19 12 49 161 140 15 4 85 161 23 135 78 66 201 263 118 4
340 66 36 8 63 103
17 8 19 12 224 21 24 78 66 42 129 4 245 41 58 103 223 9 8 52 47 24 240 9 14 18 29 42 24 241 58 25 31 41 171 255 252 12 4 43 22 6 164 225 5 61 6 124 38 174 5 61 20 54 64 15 23 121 251 26 7 41 58 247 90 139 78 29 66 4 7 50 135 78 66 62 8 19 12 49 161 140 15 4 85 161 23 135 78 66 201 263 118 4
8 173 14 63 103 41 24 340 66 21 32
17 8 19 12 224 21 24 78 66 42 129 4 245 41 58 103 223 9 8 52 47 24 240 9 14 18 29 42 24 241 58 25 31 41 171 255 252 12 4 43 22 6 164 225 5 61 6 124 38 174 5 61 20 54 64 15 23 121 251 26 7 41 58 247 90 139 78 29 66 4 7 50 135 78 66 62 8 19 12 49 161 140 15 4 85 161 23 135 78 66 201 263 118 4
288 36 8 14 49 15 63 103
17 8 19 12 224 21 24 78 66 42 129 4 245 41 58 103 223 9 8 52 47 24 240 9 14 18 29 42 24 241 58 25 31 41 171 255 252 12 4 43 22 6 164 225 5 61 6 124 38 174 5 61 20 54 64 15 23 121 251 26 7 41 58 247 90 139 78 29 66 4 7 50 135 78 66 62 8 19 12 49 161 140 15 4 85 161 23 135 78 66 201 263 118 4
124 90 397 340 66 158 32
17 8 19 12 224 21 24 78 66 42 129 4 245 41 58 103 223 9 8 52 47 24 240 9 14 18 29 42 24 241 58 25 31 41 171 255 252 12 4 43 22 6 164 225 5 61 6 124 38 174 5 61 20 54 64 15 23 121 251 26 7 41 58 247 90 139 78 29 66 4 7 50 135 78 66 62 8 19 12 49 161 140 15 4 85 161 23 135 78 66 201 263 118 4
120 12 8 46 25 31
36 40 25 12 76 9 119 101 17 302 35 48 7 11 40 58 25 31 62 182 8 4 7 50 40 25 31 62 8 313 4 26 25 31 281 312 9 323 229 330 285 141 16 7 4 26 7 129 56 134 36 14 18 8 9 25 31 21 40 47 24 196 4 26 7 69 12 8 41 171 305 212 25 31 9 7 11 56 169 197 46 33 4 169 197 21 40 16 25 31 21 24 78 66 42 289 318 4
67 40 25 31
36 40 25 12 76 9 119 101 17 302 35 48 7 11 40 58 25 31 62 182 8 4 7 50 40 25 31 62 8 313 4 26 25 31 281 312 9 323 229 330 285 141 16 7 4 26 7 129 56 134 36 14 18 8 9 25 31 21 40 47 24 196 4 26 7 69 12 8 41 171 305 212 25 31 9 7 11 56 169 197 46 33 4 169 197 21 40 16 25 31 21 24 78 66 42 289 318 4
67 40 95 107 108 23 12 8
36 40 25 12 76 9 119 101 17 302 35 48 7 11 40 58 25 31 62 182 8 4 7 50 40 25 31 62 8 313 4 26 25 31 281 312 9 323 229 330 285 141 16 7 4 26 7 129 56 134 36 14 18 8 9 25 31 21 40 47 24 196 4 26 7 69 12 8 41 171 305 212 25 31 9 7 11 56 169 197 46 33 4 169 197 21 40 16 25 31 21 24 78 66 42 289 318 4
101 36 40 25 31 23 12 76
36 40 25 12 76 9 119 101 17 302 35 48 7 11 40 58 25 31 62 182 8 4 7 50 40 25 31 62 8 313 4 26 25 31 281 312 9 323 229 330 285 141 16 7 4 26 7 129 56 134 36 14 18 8 9 25 31 21 40 47 24 196 4 26 7 69 12 8 41 171 305 212 25 31 9 7 11 56 169 197 46 33 4 169 197 21 40 16 25 31 21 24 78 66 42 289 318 4
91 160 23 12 8 41 171 223 212 25 31 32
36 40 25 12 76 9 119 101 17 302 35 48 7 11 40 58 25 31 62 182 8 4 7 50 40 25 31 62 8 313 4 26 25 31 281 312 9 323 229 330 285 141 16 7 4 26 7 129 56 134 36 14 18 8 9 25 31 21 40 47 24 196 4 26 7 69 12 8 41 171 305 212 25 31 9 7 11 56 169 197 46 33 4 169 197 21 40 16 25 31 21 24 78 66 42 289 318 4
91 160 23 124 38 57 114 8 27 15
7 11 85 6 121 132 5 23 124 38 57 114 46 264 35 49 86 8 83 27 116 16 51 4 85 15 49 116 16 7 10 43 22 6 282 5 10 6 121 132 5 27 81 28 62 8 4
124 38 57 114 8 27 15 158 32
7 11 85 6 121 132 5 23 124 38 57 114 46 264 35 49 86 8 83 27 116 16 51 4 85 15 49 116 16 7 10 43 22 6 282 5 10 6 121 132 5 27 81 28 62 8 4
120 392 38 57 114 8 27 15
7 11 85 6 121 132 5 23 124 38 57 114 46 264 35 49 86 8 83 27 116 16 51 4 85 15 49 116 16 7 10 43 22 6 282 5 10 6 121 132 5 27 81 28 62 8 4
404 23 11 392 38 57 114 8 32
7 11 85 6 121 132 5 23 124 38 57 114 46 264 35 49 86 8 83 27 116 16 51 4 85 15 49 116 16 7 10 43 22 6 282 5 10 6 121 132 5 27 81 28 62 8 4
67 124 38 57 114 8 27 15
7 11 85 6 121 132 5 23 124 38 57 114 46 264 35 49 86 8 83 27 116 16 51 4 85 15 49 116 16 7 10 43 22 6 282 5 10 6 121 132 5 27 81 28 62 8 4
143 25 31 71 218 32
7 11 20 45 79 87 45 89 9 35 52 43 22 6 127 56 5 10 6 25 31 10 95 107 108 5 23 155 25 31 172 4
143 95 107 108 71 218 32
7 11 20 45 79 87 45 89 9 35 52 43 22 6 127 56 5 10 6 25 31 10 95 107 108 5 23 155 25 31 172 4
120 444 25 31 15
7 11 20 45 79 87 45 89 9 35 52 43 22 6 127 56 5 10 6 25 31 10 95 107 108 5 23 155 25 31 172 4
67 155 97 25 31 172 27 15
7 11 20 45 79 87 45 89 9 35 52 43 22 6 127 56 5 10 6 25 31 10 95 107 108 5 23 155 25 31 172 4
11 143 97 95 107 108 172 71 218 32
7 11 20 45 79 87 45 89 9 35 52 43 22 6 127 56 5 10 6 25 31 10 95 107 108 5 23 155 25 31 172 4
129 75 104 106 84 15
26 7 21 69 75 97 104 106 84 49 6 15 5 48 140 6 15 5 9 22 6 37 5 13 6 105 84 5 9 10 35 52 20 6 205 5 4 26 7 21 69 75 86 104 106 84 83 49 17 54 16 59 48 22 6 37 5 13 6 30 5 13 6 30 59 5 13 6 37 30 5 13 6 190 165 5 9 10 35 52 290 20 71 112 20 6 75 105 5 4
63 500 104 106 84 49 15
26 7 21 69 75 97 104 106 84 49 6 15 5 48 140 6 15 5 9 22 6 37 5 13 6 105 84 5 9 10 35 52 20 6 205 5 4 26 7 21 69 75 86 104 106 84 83 49 17 54 16 59 48 22 6 37 5 13 6 30 5 13 6 30 59 5 13 6 37 30 5 13 6 190 165 5 9 10 35 52 290 20 71 112 20 6 75 105 5 4
91 160 23 21 75 104 106 84 49 15
26 7 21 69 75 97 104 106 84 49 6 15 5 48 140 6 15 5 9 22 6 37 5 13 6 105 84 5 9 10 35 52 20 6 205 5 4 26 7 21 69 75 86 104 106 84 83 49 17 54 16 59 48 22 6 37 5 13 6 30 5 13 6 30 59 5 13 6 37 30 5 13 6 190 165 5 9 10 35 52 290 20 71 112 20 6 75 105 5 4
333 288 23 129 34 75 104 106 84 32
26 7 21 69 75 97 104 106 84 49 6 15 5 48 140 6 15 5 9 22 6 37 5 13 6 105 84 5 9 10 35 52 20 6 205 5 4 26 7 21 69 75 86 104 106 84 83 49 17 54 16 59 48 22 6 37 5 13 6 30 5 13 6 30 59 5 13 6 37 30 5 13 6 190 165 5 9 10 35 52 290 20 71 112 20 6 75 105 5 4
205 75 104 106 84 49 15 158 32
26 7 21 69 75 97 104 106 84 49 6 15 5 48 140 6 15 5 9 22 6 37 5 13 6 105 84 5 9 10 35 52 20 6 205 5 4 26 7 21 69 75 86 104 106 84 83 49 17 54 16 59 48 22 6 37 5 13 6 30 5 13 6 30 59 5 13 6 37 30 5 13 6 190 165 5 9 10 35 52 290 20 71 112 20 6 75 105 5 4
91 160 23 75 29 104 106 84 15 32
22 6 37 5 13 6 30 5 13 6 30 59 5 13 6 37 30 5 13 6 190 165 5 9 10 35 52 20 112 20 6 75 105 5 4
67 34 75 104 106 84 49 15
22 6 37 5 13 6 30 5 13 6 30 59 5 13 6 37 30 5 13 6 190 165 5 9 10 35 52 20 112 20 6 75 105 5 4
34 75 104 106 84 49 15 158 32
22 6 37 5 13 6 30 5 13 6 30 59 5 13 6 37 30 5 13 6 190 165 5 9 10 35 52 20 112 20 6 75 105 5 4
120 523 369 75 104 106 84 49 15
22 6 37 5 13 6 30 5 13 6 30 59 5 13 6 37 30 5 13 6 190 165 5 9 10 35 52 20 112 20 6 75 105 5 4
93 19 474 75 84 9 91 160 23 453 29 369 202 32
22 6 37 5 13 6 30 5 13 6 30 59 5 13 6 37 30 5 13 6 190 165 5 9 10 35 52 20 112 20 6 75 105 5 4
11 100 28 8 38 324 27 258 24 21 32
41 9 7 11 100 28 49 8 38 151 54 243 24 37 27 116 9 226 6 178 5 10 6 177 5 4 43 22 138 6 100 5 71 227 249 149 27 81 98 8 4 26 64 57 96 9 176 22 6 178 5 42 6 177 5 39 81 98 8 4
120 100 28 8 38 324 195 258
41 9 7 11 100 28 49 8 38 151 54 243 24 37 27 116 9 226 6 178 5 10 6 177 5 4 43 22 138 6 100 5 71 227 249 149 27 81 98 8 4 26 64 57 96 9 176 22 6 178 5 42 6 177 5 39 81 98 8 4
67 100 28 8 38 324 27 258
41 9 7 11 100 28 49 8 38 151 54 243 24 37 27 116 9 226 6 178 5 10 6 177 5 4 43 22 138 6 100 5 71 227 249 149 27 81 98 8 4 26 64 57 96 9 176 22 6 178 5 42 6 177 5 39 81 98 8 4
100 28 8 27 15 195 258 158 32
41 9 7 11 100 28 49 8 38 151 54 243 24 37 27 116 9 226 6 178 5 10 6 177 5 4 43 22 138 6 100 5 71 227 249 149 27 81 98 8 4 26 64 57 96 9 176 22 6 178 5 42 6 177 5 39 81 98 8 4
67 100 28 8 49 15 27 258
41 9 7 11 100 28 49 8 38 151 54 243 24 37 27 116 9 226 6 178 5 10 6 177 5 4 43 22 138 6 100 5 71 227 249 149 27 81 98 8 4 26 64 57 96 9 176 22 6 178 5 42 6 177 5 39 81 98 8 4
93 11 100 28 8 38 324 27 258 21 32
41 9 7 11 100 28 49 8 38 151 54 243 24 37 27 116 9 226 6 178 5 10 6 177 5 4 43 22 138 6 100 5 71 227 249 149 27 81 98 8 4 396 26 64 57 96 6 370 5 9 176 22 6 178 5 42 6 177 5 39 81 98 8 4
104 106 84 64 193 32
104 106 84 64 97 105 92 9 97 425 413 9 10 97 542 84 99 555 532 121 62 116 16 7 4
340 66 62 62 17 8 19 12
17 8 19 12 224 21 24 78 66 42 129 4 245 41 58 103 223 9 8 52 47 24 240 9 14 18 29 42 24 241 58 25 31 41 171 255 252 12 4 43 22 6 164 225 5 61 6 124 38 174 5 61 20 54 64 15 23 121 251 26 7 41 58 247 90 139 78 29 66 4 61 168 48 6 374 5 61 6 124 38 174 5 82 26 64 57 96 6 370 5 9 6 374 10 105 5 61 6 164 225 5 61 6 124 38 174 5 70 396 7 50 135 78 66 62 8 19 12 49 161 140 15 4 85 161 23 135 78 66 201 263 118 4
34 126 55 28 33 16 7
23 34 42 55 28 33 16 7 48 35 36 60 9 20 45 79 87 16 45 89 9 163 43 22 6 127 56 5 10 6 33 5 4 119 101 131 15 47 184 58 220 256 239 23 179 28 33 16 7 36 262 33 4 170 9 27 250 7 47 21 63 253 130 4
50 65 38 73 94
157 109 547 65 73 10 125 29 4 236 14 18 239 11 24 234 26 517 65 73 168 403 4 39 438 52 9 157 125 14 18 491 46 67 40 80 4
93 75 24 103 338 73 21 41 153 353 36 156 40 58 65 80 265 4
39 210 80 166 9 57 96 11 88 60 22 128 159 80 134 4 123 109 221 73 80 10 125 29 4
55 28 165 9 226 544
7 115 11 55 28 33 16 51 4 7 11 55 28 33 27 81 16 93 13 55 102 33 35 36 60 4
528 445 14 8 63 257 29 334 61 97 399 333 91
26 63 204 10 50 14 18 24 9 123 109 73 42 65 233 10 125 29 4 7 11 214 88 242 39 139 14 18 17 8 36 65 73 21 254 266 215 159 54 162 234 236 14 18 244 4 26 179 131 65 16 51 64 260 9 7 11 14 18 29 17 8 19 12 136 142 99 21 88 175 133 86 267 130 83 4 23 14 18 29 8 48 123 514 557 232 143 17 8 19 14 18 67 14 18 29 17 8 27 94 228 4
17 183 74 19 72 24 248 71 218 32
17 183 74 19 72 47 24 248 39 235 222 10 24 485 201 540 415 27 81 149 16 235 222 4 23 248 183 74 19 72 389 79 276 235 222 9 157 20 183 52 10 176 213 121 339 391 384 23 248 39 367 366 4 11 155 17 183 74 24 248 79 276 71 367 366 16 391 384 27 382 4
382 83 11 72 74 32
7 11 72 27 17 94 35 48 59 492 9 346 363 9 539 9 430 9 424 9 533 10 516 4
93 69 393 139 72 74 206 487 93 448 4
121 62 174 309 74 10 28 118 230 74 24 34 195 124 38 174 4 23 75 505 9 123 231 150 132 149 99 7 19 96 23 34 38 118 4 35 36 19 434 150 132 149 9 174 47 489 17 488 23 393 139 72 74 16 7 4
213 348 229 36 93 368 74 64 193 32
235 222 47 209 213 72 36 208 74 426 7 11 442 72 74 4 26 7 69 257 217 202 9 157 205 39 37 13 72 398 4
74 83 11 24 72 32
74 49 307 10 161 24 164 4 464 237 74 83 39 238 17 74 19 37 9 7 11 34 463 74 49 141 8 19 37 163 208 72 4 170 9 7 50 72 74 99 217 72 63 205 201 135 16 439 42 17 8 21 88 74 4
91 160 23 100 183 235 222 38 324 32
7 11 100 183 195 490 42 73 494 180 46 67 176 213 100 27 183 7 69 100
19 257 72 206 509 207 4
122 17 183 42 8 21 96 19 248 39 235 222 23 342 207 4
217 352 348 39 355 72 64 193 32
352 64 217 371 372 347 23 385 74 519 212 4 352 371 372 347 46 67 257 17 8 21 96 4
11 115 72 269 49 74 24 21 32
26 7 20 269 74 39 102 16 169 37 13 37 269 9 269 39 74 47 24 72 99 21 427 530 79 276 4 17 94 35 164 217 269 74 4 344 346 9 344 346 363
91 160 23 72 74 32
7 11 72 74 46 440 67 35 4 349 4 72 195 235 222 4 349 70 176 213 72 459 513 71 450 341 335 4 354 70 20 74 7 69 72 39 238 17 74 19 37 163 368 74 4 420 70 39 36 385 74 9 157 176 213 72 23 208 72 169 7 69 72 4 493 70 176 213 72 377 470 23 484 4 354 4 72 512 39 74 4 26 7 167 338 486 39 37 13 72 398 82 431 70 9 213 72 47 348 229 182 377 7 465 111 144 74 23 7 11 72 4
355 14 90 63 360 39 36 93 14 90 211 9 93 365 288 32
26 139 14 90 214 103 42 257 29 9 7 365 109 37 73 42 65 233 4 7 11 14 90 29 17 211 19 12 39 181 6 19 12 5 99 21 88 175 133 220 4 60 27 116 16 7 10 405 339 181 6 19 12 5 4
105 35 47 209 48 232 50 14 90 4 21 356 207 4 157 122 17 181 23 342 207 4 228
105 232 50 14 90 4 21 356 207 4 157 122 17 181 23 342 207 4 228 47 209 206 21 41 356 390 207 23 40 211 99 21 520 360 4 342 390 207 10 60 29 22 118 211 4
93 19 12 211 480 50 14 90 24 4
109 65 73 10 125 29 35 4
7 11 214 548 36 14 90 211 26 65 73 403 4 26 397 52 417 538 9 174 481 40 65 80 23 14 90 4 215 210 80 166 47 135 7 60 22 128 16 159 54 80 4
93 50 65 38 118 211 4
109 65 407 9 410 9 42 80 10 125 29 4 26 407 9 410 9 42 80 63 205 9 42 411 65 455 9 7 50 65 38 118 211 4
93 75 24 105 103 232 73 21 41 153 228 36 156 40 80 4
215 210 80 166 11 135 7 60 22 128 16 159 54 80 4 157 109 221 73 80 10 125 29 35 4
203 550 44 537 44 32
203 216 7 184 280 173 9 155 10 381 280 19 184 46 17 518 134 52 10 472 17 280 16 7 38 97 116 344 180 4
50 92 203 49 118 307
349 4 246 103 61 558 63 19 24 454 10 37 467 112 551 4 59 21 164 26 452 482 16 116 19 24 524 46 479 180 21 88 206 92 347 4 354 4 355 37 50 531 259 475 36 19 14 90 224 49 118 8 157 201 264 79 227 23 508 103 202 48 37 13 458 8 13 307 9 203 13 122 429 13 125 92 8 29
376 400 343 64 193 32
376 400 343 64 8 184 473 343 511 62 7 4
93 69 357 90 477 16 139 135 17 364 149
207 48 203 378 10 184 351 39 549 4
408 48 336 332 164 217 232 380 38 435 228 23 380 433 38 232 525 228 39 408 4 82 217 202 115 502 62 17 437 164 541 70 527 48 203 162 216 402 414 510 22 280 4 401 48 7 162 11 402 386 126 183 22 280 35 36 416 386 126 536 183 46 401 4
21 501 237 112 20 383 553 9 457 10 460
38 203 110 4 441 9 217 362 115 41 35 36 7 37 350 345 4 203 61 422 61 350 345 61 14 90 49 118 307 4 36 19 37 350 345 9 7 11 85 112 20 362 35 36 20 446 507 46 447 495 10 96 112 20 232 383 388 228 39 483 4
351 343 27 95 375 276 504 24 419 71 552 115 378 4
554 21 164 364 72 27 95 375 276 4
387 64 193 32
387 216 7 155 82 21 381 70 17 351 203
93 69 167 181 336 332 91 358 27 341 335 4
23 167 181 336 332 91 358 27 341 335 9 20 338 151 212 353 61 338 361 22 341 335 353 7 11 55 443 358 388 543 42 428 46 67 176 432 10 469 17 535 16 336 332 19 361

